[UTF8/MIXED]
[42726.7301444444106.14.72.151]
created=42726.7294218519
IP=106.14.72.151
port=22
user=root
pass=74DF73D60C409B3DA7D8166987E80300063A
LoginType=1
options=303033300003300110300001000333300000101200013390330
Proxy=0
ID=72048214
