[UTF8/MIXED]
[main]
Lang=Chinese Simplified.dlf
SPS=-1
RPS=-1
build=3861
obuild=0
Options=100100111000001001101001111111100000010111110111000000001000000000010011001001104110000000021001011111111300111101010001100100000000000000001040000113111010011101011100
Z5=eJwzMTKwMOPlMjEysDQEUeZGZhDKHEwZG4ApcwteLgCTJgam

[LiveUpdate]
Interval=7
X=3318

[SITE_MRU]
1=42726.7301444444106.14.72.151
2=42726.7294218519106.14.72.151

[SshHostKeys]
106.14.72.151:22=7952d44264cae13cea65b4b90527a39b957d83a8

[editor]
Left=455
Top=54
Width=719
Height=495
State=0
Font="Î¢ÈíÑÅºÚ", 9, [], , 1
Color=-16777211
OnTop=0
Wrap=0

[AE]
Left=543
Top=268
Width=296
Height=194
State=0

[Graph]
V=0
H=65

[window]
Left=187
Top=15
Width=1093
Height=608
State=0
TS=0.5
BS=0.462946027517319
CS=0.75
THP=546

[Session]
1380024=2017-02-12_14.28.15.1380024.fqf
